26
Proctophyllodes_quadratus_ex_Setophaga_petechia_YEWA941P_Pr                        0.0000000 0.7957667 0.5392046 0.5362782 0.5205912 0.5474189 0.5474189 0.5531891 0.4586386 0.4563193 0.4560323 0.4614407 0.4567933 0.5677298 0.5690178 0.5752327 0.4943685 0.4872934 0.5021700 0.5442608 0.5369245 0.5742611 0.3478949 0.5479640 0.4655264 0.3402968 
Trouessartia_sp_ex_Setophaga_petechia_YEWA941P_Tr                                  0.7957667 0.0000000 0.9435224 0.9397336 0.9313493 0.8553158 0.8501638 0.8825399 0.8346270 0.8310415 0.8310415 0.7938498 0.7998236 1.1413446 1.1398019 1.1495390 0.8652814 0.8812548 0.7900152 0.9721024 0.9601799 0.8732328 0.9220679 0.9313018 0.4990574 0.6271623 
Amerodectes_protonotaria_ex_Protonotaria_citrea_PROW974R                           0.5392046 0.9435224 0.0000000 0.0020171 0.0068417 0.1381434 0.1381434 0.1383676 0.1273974 0.1273838 0.1261164 0.1415978 0.1378074 0.2455643 0.2493554 0.2565821 0.1255125 0.1292732 0.1416274 0.4246969 0.4225375 0.3919140 0.6567823 0.0033864 0.4061407 0.4914708 
Amerodectes_protonotaria_ex_Protonotaria_citrea_PROW978R                           0.5362782 0.9397336 0.0020171 0.0000000 0.0047558 0.1395837 0.1395837 0.1398198 0.1287798 0.1287658 0.1274943 0.1401835 0.1363972 0.2475999 0.2513926 0.2586204 0.1242657 0.1280163 0.1432039 0.4271768 0.4250216 0.3897898 0.6537574 0.0054594 0.4029353 0.4880655 
Amerodectes_protonotaria_ex_Protonotaria_citrea_PROW979R                           0.5205912 0.9313493 0.0068417 0.0047558 0.0000000 0.1356081 0.1356081 0.1354617 0.1262123 0.1261990 0.1249339 0.1373671 0.1365086 0.2418401 0.2456292 0.2493532 0.1192250 0.1229311 0.1342942 0.4257846 0.4236198 0.3856675 0.6369565 0.0089839 0.4004398 0.4703007 
Amerodectes_hribari_ex_Oporornis_agilis_CONW930R                                   0.5474189 0.8553158 0.1381434 0.1395837 0.1356081 0.0000000 0.0013350 0.0176762 0.1314520 0.1328523 0.1301563 0.1743305 0.1676232 0.2765808 0.2840526 0.2764287 0.1265358 0.1299373 0.1671492 0.4066662 0.4090538 0.3455415 0.6100612 0.1403125 0.3204771 0.4145660 
Amerodectes_hribari_ex_Setophaga_pinus_PIWA948R                                    0.5474189 0.8501638 0.1381434 0.1395837 0.1356081 0.0013350 0.0000000 0.0191854 0.1314520 0.1328523 0.1301563 0.1743305 0.1676232 0.2765046 0.2839921 0.2763524 0.1265358 0.1299373 0.1640161 0.4066662 0.4045818 0.3456034 0.6100612 0.1403125 0.3237143 0.4180013 
Amerodectes_hribari_ex_Geothlypis_trichas_COYE868R                                 0.5531891 0.8825399 0.1383676 0.1398198 0.1354617 0.0176762 0.0191854 0.0000000 0.1383980 0.1370732 0.1370732 0.1800256 0.1765033 0.2849098 0.2884430 0.2847337 0.1276760 0.1311256 0.1782869 0.4031917 0.4055290 0.3543248 0.6121632 0.1433876 0.3341354 0.4250359 
Amerodectes_seiurus_ex_Seiurus_aurocapilla_OVEN614P                                0.4586386 0.8346270 0.1273974 0.1287798 0.1262123 0.1314520 0.1314520 0.1383980 0.0000000 0.0013448 0.0006709 0.1366740 0.1390245 0.2276070 0.2345581 0.2362547 0.0946894 0.0979548 0.1556529 0.3704266 0.3683199 0.3986912 0.6616225 0.1294221 0.4141837 0.4609851 
Amerodectes_seiurus_ex_Leiothlypis_ruficapilla_NAWA328A                            0.4563193 0.8310415 0.1273838 0.1287658 0.1261990 0.1328523 0.1328523 0.1370732 0.0013448 0.0000000 0.0020225 0.1353221 0.1376626 0.2258719 0.2328225 0.2345235 0.0946840 0.0979488 0.1542130 0.3682156 0.3661092 0.3983283 0.6610306 0.1294079 0.4171428 0.4642268 
Amerodectes_seiurus_ex_Geothlypis_formosa_KEWA584                                  0.4560323 0.8310415 0.1261164 0.1274943 0.1249339 0.1301563 0.1301563 0.1370732 0.0006709 0.0020225 0.0000000 0.1356757 0.1380117 0.2260505 0.2329849 0.2346816 0.0935810 0.0968364 0.1542130 0.3682156 0.3661092 0.3963707 0.6584128 0.1281277 0.4105995 0.4568141 
Amerodectes_helmitheros_ex_Limnothlypis_swainsonii_SWWA980R                        0.4614407 0.7938498 0.1415978 0.1401835 0.1373671 0.1743305 0.1743305 0.1800256 0.1366740 0.1353221 0.1356757 0.0000000 0.0054528 0.2632516 0.2630745 0.2651131 0.1520212 0.1533093 0.1070653 0.4575024 0.4597098 0.3806476 0.6219240 0.1439297 0.4135757 0.4916785 
Amerodectes_helmitheros_ex_Helmitheros_vermivorum_WEWA727R                         0.4567933 0.7998236 0.1378074 0.1363972 0.1365086 0.1676232 0.1676232 0.1765033 0.1390245 0.1376626 0.1380117 0.0054528 0.0000000 0.2555534 0.2591577 0.2574201 0.1545058 0.1558007 0.1046646 0.4489717 0.4512185 0.3757904 0.6231096 0.1401086 0.4098752 0.4953067 
Amerodectes_ischyros_ex_Setophaga_tigrina_CMWA952R                                 0.5677298 1.1413446 0.2455643 0.2475999 0.2418401 0.2765808 0.2765046 0.2849098 0.2276070 0.2258719 0.2260505 0.2632516 0.2555534 0.0000000 0.0067074 0.0053350 0.2545861 0.2544535 0.3160413 0.4142395 0.4169508 0.4570180 0.6490692 0.2457317 0.4572865 0.4975682 
Amerodectes_ischyros_ex_Cardellina_canadensis_CAWA366A                             0.5690178 1.1398019 0.2493554 0.2513926 0.2456292 0.2840526 0.2839921 0.2884430 0.2345581 0.2328225 0.2329849 0.2630745 0.2591577 0.0067074 0.0000000 0.0080824 0.2507110 0.2543798 0.3123236 0.4269084 0.4296323 0.4626365 0.6492069 0.2495457 0.4684288 0.4999158 
Amerodectes_ischyros_ex_Setophaga_fusca_BLBW861R                                   0.5752327 1.1495390 0.2565821 0.2586204 0.2493532 0.2764287 0.2763524 0.2847337 0.2362547 0.2345235 0.2346816 0.2651131 0.2574201 0.0053350 0.0080824 0.0000000 0.2565752 0.2564431 0.3103907 0.4102534 0.4129629 0.4596232 0.6500970 0.2568161 0.4674105 0.5073393 
Amerodectes_jonesborensis_ex_Parkesia_noveboracensis_NOWA315A                      0.4943685 0.8652814 0.1255125 0.1242657 0.1192250 0.1265358 0.1265358 0.1276760 0.0946894 0.0946840 0.0935810 0.1520212 0.1545058 0.2545861 0.2507110 0.2565752 0.0000000 0.0089434 0.1606956 0.3762781 0.3786696 0.3316960 0.6035030 0.1274715 0.3079393 0.4178376 
Amerodectes_jonesborensis_ex_Parkesia_motacilla_LOWA438A                           0.4872934 0.8812548 0.1292732 0.1280163 0.1229311 0.1299373 0.1299373 0.1311256 0.0979548 0.0979488 0.0968364 0.1533093 0.1558007 0.2544535 0.2543798 0.2564431 0.0089434 0.0000000 0.1619924 0.3781961 0.3850638 0.3532730 0.6122327 0.1312702 0.3274460 0.4294746 
Amerodectes_sp_n_1_ex_Mniotilta_varia_BAWW968P                                     0.5021700 0.7900152 0.1416274 0.1432039 0.1342942 0.1671492 0.1640161 0.1782869 0.1556529 0.1542130 0.1542130 0.1070653 0.1046646 0.3160413 0.3123236 0.3103907 0.1606956 0.1619924 0.0000000 0.4595633 0.4524531 0.4350892 0.7504210 0.1440242 0.4506053 0.6165644 
Tyrannidectes_charitomenos_ex_Setophaga_americana_NOPA676R                         0.5442608 0.9721024 0.4246969 0.4271768 0.4257846 0.4066662 0.4066662 0.4031917 0.3704266 0.3682156 0.3682156 0.4575024 0.4489717 0.4142395 0.4269084 0.4102534 0.3762781 0.3781961 0.4595633 0.0000000 0.0046387 0.4900170 0.6796271 0.4265074 0.4675852 0.5001043 
Tyrannidectes_charitomenos_ex_Setophaga_dominica_YTWA970R                          0.5369245 0.9601799 0.4225375 0.4250216 0.4236198 0.4090538 0.4045818 0.4055290 0.3683199 0.3661092 0.3661092 0.4597098 0.4512185 0.4169508 0.4296323 0.4129629 0.3786696 0.3850638 0.4524531 0.0046387 0.0000000 0.4885033 0.6767713 0.4243299 0.4684801 0.5001043 
Amerodectes_sp_ex_adult_Molothrus_ater_BHCO20200521                                0.5742611 0.8732328 0.3919140 0.3897898 0.3856675 0.3455415 0.3456034 0.3543248 0.3986912 0.3983283 0.3963707 0.3806476 0.3757904 0.4570180 0.4626365 0.4596232 0.3316960 0.3532730 0.4350892 0.4900170 0.4885033 0.0000000 0.6627635 0.3869092 0.0070503 0.4493437 
Proctophyllodes_sp_ex_adult_Molothrus_ater_BHCO20200521                            0.3478949 0.9220679 0.6567823 0.6537574 0.6369565 0.6100612 0.6100612 0.6121632 0.6616225 0.6610306 0.6584128 0.6219240 0.6231096 0.6490692 0.6492069 0.6500970 0.6035030 0.6122327 0.7504210 0.6796271 0.6767713 0.6627635 0.0000000 0.6716086 0.4411251 0.0029995 
Amerodectes_protonotaria_ex_nestling_Molothrus_ater_BHCOLakeHogue                  0.5479640 0.9313018 0.0033864 0.0054594 0.0089839 0.1403125 0.1403125 0.1433876 0.1294221 0.1294079 0.1281277 0.1439297 0.1401086 0.2457317 0.2495457 0.2568161 0.1274715 0.1312702 0.1440242 0.4265074 0.4243299 0.3869092 0.6716086 0.0000000 0.3945688 0.4988531 
Amerodectes_tretiakae_ex_Molothrus_ater_LGAP147_BMOC08-0515-508_3317_MW814704      0.4655264 0.4990574 0.4061407 0.4029353 0.4004398 0.3204771 0.3237143 0.3341354 0.4141837 0.4171428 0.4105995 0.4135757 0.4098752 0.4572865 0.4684288 0.4674105 0.3079393 0.3274460 0.4506053 0.4675852 0.4684801 0.0070503 0.4411251 0.3945688 0.0000000 0.4368036 
Proctophyllodes_egglestoni_ex_Molothrus_ater_LGAP149_BMOC08-0515-508_3319_MW814706 0.3402968 0.6271623 0.4914708 0.4880655 0.4703007 0.4145660 0.4180013 0.4250359 0.4609851 0.4642268 0.4568141 0.4916785 0.4953067 0.4975682 0.4999158 0.5073393 0.4178376 0.4294746 0.6165644 0.5001043 0.5001043 0.4493437 0.0029995 0.4988531 0.4368036 0.0000000 
