26
Proctophyllodes_quadratus_ex_Setophaga_petechia_YEWA941P_Pr                        0.0000000 0.7980295 0.5407578 0.5378343 0.5221369 0.5489508 0.5489508 0.5547417 0.4599213 0.4576006 0.4573167 0.4627114 0.4580553 0.5691995 0.5704782 0.5767045 0.4957736 0.4886823 0.5035778 0.5456097 0.5382709 0.5758611 0.3487962 0.5495478 0.4667633 0.3411644 
Trouessartia_sp_ex_Setophaga_petechia_YEWA941P_Tr                                  0.7980295 0.0000000 0.9463938 0.9426100 0.9341920 0.8577227 0.8525609 0.8850722 0.8370678 0.8334874 0.8334874 0.7961353 0.8021106 1.1448468 1.1433125 1.1530631 0.8678611 0.8838522 0.7922738 0.9749275 0.9629709 0.8758248 0.9248646 0.9341265 0.5003946 0.6290541 
Amerodectes_protonotaria_ex_Protonotaria_citrea_PROW974R                           0.5407578 0.9463938 0.0000000 0.0020171 0.0068418 0.1382934 0.1382934 0.1385223 0.1275308 0.1275187 0.1262485 0.1417647 0.1379724 0.2459980 0.2497964 0.2570331 0.1256295 0.1293934 0.1418041 0.4257437 0.4235827 0.3928845 0.6587280 0.0033864 0.4071983 0.4928910 
Amerodectes_protonotaria_ex_Protonotaria_citrea_PROW978R                           0.5378343 0.9426100 0.0020171 0.0000000 0.0047559 0.1397354 0.1397354 0.1399763 0.1289148 0.1289023 0.1276280 0.1403488 0.1365606 0.2480360 0.2518359 0.2590737 0.1243817 0.1281354 0.1433828 0.4282259 0.4260690 0.3907588 0.6557062 0.0054595 0.4039904 0.4894830 
Amerodectes_protonotaria_ex_Protonotaria_citrea_PROW979R                           0.5221369 0.9341920 0.0068418 0.0047559 0.0000000 0.1357541 0.1357541 0.1356125 0.1263447 0.1263329 0.1250651 0.1375292 0.1366724 0.2422732 0.2460696 0.2497942 0.1193364 0.1230457 0.1344625 0.4268257 0.4246593 0.3866313 0.6388811 0.0089841 0.4014904 0.4717047 
Amerodectes_hribari_ex_Oporornis_agilis_CONW930R                                   0.5489508 0.8577227 0.1382934 0.1397354 0.1357541 0.0000000 0.0013350 0.0176781 0.1315951 0.1329971 0.1302981 0.1745774 0.1678601 0.2771103 0.2845996 0.2769581 0.1266580 0.1300629 0.1673732 0.4076274 0.4100174 0.3463386 0.6117511 0.1404684 0.3212794 0.4157283 
Amerodectes_hribari_ex_Setophaga_pinus_PIWA948R                                    0.5489508 0.8525609 0.1382934 0.1397354 0.1357541 0.0013350 0.0000000 0.0191875 0.1315951 0.1329971 0.1302981 0.1745774 0.1678601 0.2770335 0.2845396 0.2768813 0.1266580 0.1300629 0.1642362 0.4076274 0.4055414 0.3463990 0.6117511 0.1404684 0.3245181 0.4191660 
Amerodectes_hribari_ex_Geothlypis_trichas_COYE868R                                 0.5547417 0.8850722 0.1385223 0.1399763 0.1356125 0.0176781 0.0191875 0.0000000 0.1385545 0.1372283 0.1372283 0.1802891 0.1767606 0.2854618 0.2890087 0.2852857 0.1278019 0.1312550 0.1785383 0.4041316 0.4064713 0.3551300 0.6139418 0.1435516 0.3349424 0.4262699 
Amerodectes_seiurus_ex_Seiurus_aurocapilla_OVEN614P                                0.4599213 0.8370678 0.1275308 0.1289148 0.1263447 0.1315951 0.1315951 0.1385545 0.0000000 0.0013448 0.0006710 0.1368346 0.1391899 0.2279935 0.2349606 0.2366585 0.0947541 0.0980237 0.1558494 0.3712801 0.3691719 0.3996820 0.6636273 0.1295608 0.4152759 0.4623826 
Amerodectes_seiurus_ex_Leiothlypis_ruficapilla_NAWA328A                            0.4576006 0.8334874 0.1275187 0.1289023 0.1263329 0.1329971 0.1329971 0.1372283 0.0013448 0.0000000 0.0020225 0.1354812 0.1378265 0.2262566 0.2332233 0.2349256 0.0947497 0.0980187 0.1544079 0.3690693 0.3669613 0.3993255 0.6630414 0.1295481 0.4182439 0.4656335 
Amerodectes_seiurus_ex_Geothlypis_formosa_KEWA584                                  0.4573167 0.8334874 0.1262485 0.1276280 0.1250651 0.1302981 0.1302981 0.1372283 0.0006710 0.0020225 0.0000000 0.1358347 0.1381754 0.2264352 0.2333857 0.2350837 0.0936450 0.0969045 0.1544079 0.3690693 0.3669613 0.3973621 0.6604215 0.1282651 0.4116928 0.4582144 
Amerodectes_helmitheros_ex_Limnothlypis_swainsonii_SWWA980R                        0.4627114 0.7961353 0.1417647 0.1403488 0.1375292 0.1745774 0.1745774 0.1802891 0.1368346 0.1354812 0.1358347 0.0000000 0.0054529 0.2636860 0.2635116 0.2655459 0.1522100 0.1534991 0.1071371 0.4585614 0.4607744 0.3815367 0.6237320 0.1441044 0.4146154 0.4930627 
Amerodectes_helmitheros_ex_Helmitheros_vermivorum_WEWA727R                         0.4580553 0.8021106 0.1379724 0.1365606 0.1366724 0.1678601 0.1678601 0.1767606 0.1391899 0.1378265 0.1381754 0.0054529 0.0000000 0.2559767 0.2595873 0.2578419 0.1546996 0.1559956 0.1047335 0.4500122 0.4522644 0.3766791 0.6249058 0.1402803 0.4109116 0.4966930 
Amerodectes_ischyros_ex_Setophaga_tigrina_CMWA952R                                 0.5691995 1.1448468 0.2459980 0.2480360 0.2422732 0.2771103 0.2770335 0.2854618 0.2279935 0.2262566 0.2264352 0.2636860 0.2559767 0.0000000 0.0067073 0.0053350 0.2550257 0.2548895 0.3166740 0.4151422 0.4178506 0.4581149 0.6508887 0.2461753 0.4584639 0.4989319 
Amerodectes_ischyros_ex_Cardellina_canadensis_CAWA366A                             0.5704782 1.1433125 0.2497964 0.2518359 0.2460696 0.2845996 0.2845396 0.2890087 0.2349606 0.2332233 0.2333857 0.2635116 0.2595873 0.0067073 0.0000000 0.0080824 0.2511498 0.2548188 0.3129494 0.4278302 0.4305511 0.4637277 0.6510264 0.2499967 0.4696110 0.5012960 
Amerodectes_ischyros_ex_Setophaga_fusca_BLBW861R                                   0.5767045 1.1530631 0.2570331 0.2590737 0.2497942 0.2769581 0.2768813 0.2852857 0.2366585 0.2349256 0.2350837 0.2655459 0.2578419 0.0053350 0.0080824 0.0000000 0.2570137 0.2568779 0.3110081 0.4111438 0.4138504 0.4607145 0.6519057 0.2572775 0.4685907 0.5087115 
Amerodectes_jonesborensis_ex_Parkesia_noveboracensis_NOWA315A                      0.4957736 0.8678611 0.1256295 0.1243817 0.1193364 0.1266580 0.1266580 0.1278019 0.0947541 0.0947497 0.0936450 0.1522100 0.1546996 0.2550257 0.2511498 0.2570137 0.0000000 0.0089437 0.1608849 0.3771369 0.3795305 0.3325132 0.6053574 0.1275933 0.3087354 0.4190861 
Amerodectes_jonesborensis_ex_Parkesia_motacilla_LOWA438A                           0.4886823 0.8838522 0.1293934 0.1281354 0.1230457 0.1300629 0.1300629 0.1312550 0.0980237 0.0980187 0.0969045 0.1534991 0.1559956 0.2548895 0.2548188 0.2568779 0.0089437 0.0000000 0.1621826 0.3790538 0.3859274 0.3541112 0.6140816 0.1313953 0.3282670 0.4307264 
Amerodectes_sp_n_1_ex_Mniotilta_varia_BAWW968P                                     0.5035778 0.7922738 0.1418041 0.1433828 0.1344625 0.1673732 0.1642362 0.1785383 0.1558494 0.1544079 0.1544079 0.1071371 0.1047335 0.3166740 0.3129494 0.3110081 0.1608849 0.1621826 0.0000000 0.4606687 0.4535559 0.4361243 0.7526541 0.1442082 0.4516989 0.6183110 
Tyrannidectes_charitomenos_ex_Setophaga_americana_NOPA676R                         0.5456097 0.9749275 0.4257437 0.4282259 0.4268257 0.4076274 0.4076274 0.4041316 0.3712801 0.3690693 0.3690693 0.4585614 0.4500122 0.4151422 0.4278302 0.4111438 0.3771369 0.3790538 0.4606687 0.0000000 0.0046387 0.4912445 0.6814783 0.4275735 0.4687597 0.5013377 
Tyrannidectes_charitomenos_ex_Setophaga_dominica_YTWA970R                          0.5382709 0.9629709 0.4235827 0.4260690 0.4246593 0.4100174 0.4055414 0.4064713 0.3691719 0.3669613 0.3669613 0.4607744 0.4522644 0.4178506 0.4305511 0.4138504 0.3795305 0.3859274 0.4535559 0.0046387 0.0000000 0.4897217 0.6786252 0.4253943 0.4696443 0.5013377 
Amerodectes_tretiakae_ex_adult_Molothrus_ater_BHCO20200521                         0.5758611 0.8758248 0.3928845 0.3907588 0.3866313 0.3463386 0.3463990 0.3551300 0.3996820 0.3993255 0.3973621 0.3815367 0.3766791 0.4581149 0.4637277 0.4607145 0.3325132 0.3541112 0.4361243 0.4912445 0.4897217 0.0000000 0.6646864 0.3878581 0.0070507 0.4505327 
Proctophyllodes_egglestoni_ex_adult_Molothrus_ater_BHCO20200521                    0.3487962 0.9248646 0.6587280 0.6557062 0.6388811 0.6117511 0.6117511 0.6139418 0.6636273 0.6630414 0.6604215 0.6237320 0.6249058 0.6508887 0.6510264 0.6519057 0.6053574 0.6140816 0.7526541 0.6814783 0.6786252 0.6646864 0.0000000 0.6735967 0.4422879 0.0029997 
Amerodectes_protonotaria_ex_nestling_Molothrus_ater_BHCOLakeHogue                  0.5495478 0.9341265 0.0033864 0.0054595 0.0089841 0.1404684 0.1404684 0.1435516 0.1295608 0.1295481 0.1282651 0.1441044 0.1402803 0.2461753 0.2499967 0.2572775 0.1275933 0.1313953 0.1442082 0.4275735 0.4253943 0.3878581 0.6735967 0.0000000 0.3955921 0.5003122 
Amerodectes_tretiakae_ex_Molothrus_ater_LGAP147_BMOC08-0515-508_3317_MW814704      0.4667633 0.5003946 0.4071983 0.4039904 0.4014904 0.3212794 0.3245181 0.3349424 0.4152759 0.4182439 0.4116928 0.4146154 0.4109116 0.4584639 0.4696110 0.4685907 0.3087354 0.3282670 0.4516989 0.4687597 0.4696443 0.0070507 0.4422879 0.3955921 0.0000000 0.4379621 
Proctophyllodes_egglestoni_ex_Molothrus_ater_LGAP149_BMOC08-0515-508_3319_MW814706 0.3411644 0.6290541 0.4928910 0.4894830 0.4717047 0.4157283 0.4191660 0.4262699 0.4623826 0.4656335 0.4582144 0.4930627 0.4966930 0.4989319 0.5012960 0.5087115 0.4190861 0.4307264 0.6183110 0.5013377 0.5013377 0.4505327 0.0029997 0.5003122 0.4379621 0.0000000 
